<?xml version="1.0" encoding="UTF-8" standalone="no" ?>
<SimMechanicsImportXML version="1.0" xmlns="urn:mathworks:simmechanics:import" xmlns:xsi="http://www.w3.org/2001/XMLSchema-instance">
<Created by="" on="05/07/16||22:55:50" using="SimMechanics Link Version 4.6" from="SolidWorks 23.3.0"/>
<ModelUnits mass="kilogram" length="millimeter"/>
<DataUnits mass="kilogram" length="meter"/>
<RootAssembly name="1_RobotDelta - 4degree" uid="1_RobotDelta - 4degree" version="643">
<AssemblyFile name="1_RobotDelta - 4degree.SLDASM" type="SolidWorks Assembly"/>
<InstanceTree>
<Instance name="Pièce7_Articulation2_4D-1" uid="Pièce7_Articulation2_4D-1" entityUid="Pièce7_Articulation2_4D*:*Défaut">
<Transform>
<Rotation>0.78092094129494616 -8.27408679716115e-016 0.62462987716488194 0.62462987716488194 1.0373029886505059e-015 -0.78092094129494616 0 1 1.3268758212775734e-015</Rotation>
<Translation>-0.0015615746929118811 0.001952302353236962 -0.0040000000000000036</Translation>
</Transform>
</Instance>
<Instance name="Pièce4_TubeCarre-1" uid="Pièce4_TubeCarre-1" entityUid="Pièce4_TubeCarre*:*Défaut">
<Transform>
<Rotation>-0.78092094129494383 -0.62462987716488505 0 -0.62462987716488505 0.78092094129494383 0 0 0 -1</Rotation>
<Translation>0 0 -0.0075000000000000023</Translation>
</Transform>
</Instance>
<Instance name="Pièce1_arbre-3" uid="Pièce1_arbre-3" entityUid="Pièce1_arbre*:*Défaut">
<Transform>
<Rotation>0.46355071157146932 -0.18740527687763661 0.86602540378443893 0.80289338432649293 -0.32459546115857996 -0.49999999999999922 0.37481055375527361 0.9271014231429402 1.1102230246241468e-016</Rotation>
<Translation>-0.12393043531380706 -0.10165381056771237 -0.11499999999996691</Translation>
</Transform>
</Instance>
<Instance name="Pièce1_arbre-2" uid="Pièce1_arbre-2" entityUid="Pièce1_arbre*:*Défaut">
<Transform>
<Rotation>0.92710142314293287 -0.37481055375529237 2.2204460492496517e-016 -2.4429266244157838e-016 0 1 -0.37481055375529237 -0.92710142314293287 -1.025445864033125e-016</Rotation>
<Translation>0.15000000000001987 -0.056500000000000036 -0.11499999999997351</Translation>
</Transform>
</Instance>
<Instance name="Pièce1_arbre-1" uid="Pièce1_arbre-1" entityUid="Pièce1_arbre*:*Défaut">
<Transform>
<Rotation>-0.46355071157150785 0.18740527687754369 -0.86602540378443871 0.80289338432655788 -0.32459546115841814 -0.49999999999999994 -0.37481055375508676 -0.92710142314301569 0</Rotation>
<Translation>-0.026069564686180588 0.15815381056761782 -0.1150000000000188</Translation>
</Transform>
</Instance>
<Instance name="Pièce1_poulieDents-4" uid="Pièce1_poulieDents-4" entityUid="Pièce1_poulieDents*:*Défaut">
<Transform>
<Rotation>-0.49999999999999906 0 -0.86602540378443948 -0.86602540378443926 0 0.49999999999999911 0 1 0</Rotation>
<Translation>-0.19446856578220201 -0.13482943640989462 0.0080000000000000279</Translation>
</Transform>
</Instance>
<Instance name="Pièce1_poulieDents-3" uid="Pièce1_poulieDents-3" entityUid="Pièce1_poulieDents*:*Défaut">
<Transform>
<Rotation>1 -2.2204460492503121e-016 -2.2204460492503123e-016 -2.2204460492503126e-016 1.0254458640335202e-016 -1 2.2204460492503126e-016 1 1.0254458640335197e-016</Rotation>
<Translation>0.21399999999999958 -0.10100000000000002 0.0080000000000000626</Translation>
</Transform>
</Instance>
<Instance name="Pièce1_poulieDents-2" uid="Pièce1_poulieDents-2" entityUid="Pièce1_poulieDents*:*Défaut">
<Transform>
<Rotation>0.49037399852210245 0.097638832302750764 0.86602540378443871 -0.84935268015098664 -0.16911541834006716 0.49999999999999961 0.1952776646055063 -0.98074799704420468 -2.733924198139448e-015</Rotation>
<Translation>-0.019531434217780187 0.23582943640983442 0.0079999999999986315</Translation>
</Transform>
</Instance>
<Instance name="Pièce1_PignonDents-9" uid="Pièce1_PignonDents-9" entityUid="Pièce1_PignonDents*:*Défaut">
<Transform>
<Rotation>0.083548846711900826 -0.49297017172757202 0.86602540378443826 -0.14471084741879023 0.85384938404810895 0.50000000000000067 -0.98594034345514403 -0.16709769342379652 3.2172390517308346e-015</Rotation>
<Translation>-0.019531434217780478 0.2358294364098345 -0.01799999999999826</Translation>
</Transform>
</Instance>
<Instance name="Pièce1_PignonDents-5" uid="Pièce1_PignonDents-5" entityUid="Pièce1_PignonDents*:*Défaut">
<Transform>
<Rotation>-0.49999999999999906 0 -0.86602540378443948 -0.86602540378443926 0 0.49999999999999911 0 1 0</Rotation>
<Translation>-0.19446856578220195 -0.13482943640989459 -0.018000000000000013</Translation>
</Transform>
</Instance>
<Instance name="Pièce7_Articulation2_4D-2" uid="Pièce7_Articulation2_4D-2" entityUid="Pièce7_Articulation2_4D*:*Défaut">
<Transform>
<Rotation>-0.7809209412949456 2.7122430295470064e-015 0.62462987716488216 -0.62462987716488216 2.3976313578220537e-015 -0.7809209412949456 -3.6156795601814637e-015 -1 -1.7821250641341563e-016</Rotation>
<Translation>-0.0015615746929080584 0.0019523023532400877 -0.30750000000004352</Translation>
</Transform>
</Instance>
<Instance name="Pièce7_Articulation_4D-1" uid="Pièce7_Articulation_4D-1" entityUid="Pièce7_Articulation_4D*:*Défaut">
<Transform>
<Rotation>-0.78092094129494627 0.62462987716488194 0 -0.62462987716488194 -0.78092094129494627 0 0 0 1</Rotation>
<Translation>0 0 0</Translation>
</Transform>
</Instance>
<Instance name="Pièce7_Articulation_4D-3" uid="Pièce7_Articulation_4D-3" entityUid="Pièce7_Articulation_4D*:*Défaut">
<Transform>
<Rotation>0.62462987716488505 -0.78092094129494383 7.6498787687749233e-016 -0.78092094129494372 -0.62462987716488516 -1.0230513135196699e-015 1.2767564680724725e-015 0 -1</Rotation>
<Translation>0 0 -0.0080000000000000036</Translation>
</Transform>
</Instance>
<Instance name="Pièce4_Tube-1" uid="Pièce4_Tube-1" entityUid="Pièce4_Tube*:*Défaut">
<Transform>
<Rotation>0.62462987716488494 0.78092094129494383 1.1640959116106592e-016 -0.78092094129494372 0.62462987716488505 1.997380621021328e-016 0 -2.1566903951462492e-016 1</Rotation>
<Translation>0 0 -0.30300000000004351</Translation>
</Transform>
</Instance>
<Instance name="Pièce7_Articulation_4D-4" uid="Pièce7_Articulation_4D-4" entityUid="Pièce7_Articulation_4D*:*Défaut">
<Transform>
<Rotation>0.78092094129494782 0.62462987716487972 -1.4056817272002144e-015 0.62462987716487972 -0.78092094129494782 8.0838477236834411e-015 3.9516865129587908e-015 -7.1908767782284917e-015 -1</Rotation>
<Translation>-2.4614662468431846e-014 3.8828621121969659e-014 -0.31150000000004352</Translation>
</Transform>
</Instance>
<Instance name="Pièce7_Articulation_4D-2" uid="Pièce7_Articulation_4D-2" entityUid="Pièce7_Articulation_4D*:*Défaut">
<Transform>
<Rotation>-0.62462987716488494 -0.7809209412949436 0 0.7809209412949436 -0.62462987716488494 1.9938986927709999e-016 -1.1102229221605815e-016 1.8041123229819388e-016 0.99999999999999989</Rotation>
<Translation>0 0 -0.30350000000004351</Translation>
</Transform>
</Instance>
<Instance name="BarreParalleles-5" uid="BarreParalleles-5" entityUid="BarreParalleles" rigid="true">
<Transform>
<Rotation>-0.86506955974682043 0.20420177999246689 -0.45820987532718077 -0.50163321410965311 -0.34423138869441383 0.79364278459489224 0.0043330475950853252 0.91640950676290112 0.40021849109344643</Rotation>
<Translation>0.076623626618500862 -0.083494096729601536 -0.39454708723952781</Translation>
</Transform>
<Instance name="Pièce4_Extremetees-1" uid="Pièce4_Extremetees-1" entityUid="Pièce4_Extremetees*:*Défaut">
<Transform>
<Rotation>0 1 1.2359904766334748e-016 -1 0 2.2204460492503126e-016 2.2204460492503126e-016 -1.2359904766334748e-016 1</Rotation>
<Translation>-0.0022141976776871922 0.00023641173121358161 0.14700000000000002</Translation>
</Transform>
</Instance>
<Instance name="Pièce4_Extremetees-2" uid="Pièce4_Extremetees-2" entityUid="Pièce4_Extremetees*:*Défaut">
<Transform>
<Rotation>0 1 1.3292318634672282e-016 1 0 -2.2204460492503126e-016 -2.2204460492503126e-016 1.3292318634672282e-016 -1</Rotation>
<Translation>-0.0022141976776871887 0.0002364117312135261 0.48099999999999998</Translation>
</Transform>
</Instance>
<Instance name="Pièce4_Tube-1" uid="Pièce4_Tube-1" grounded="true" entityUid="Pièce4_Tube*:*Défaut">
<Transform>
<Rotation>1 0 0 0 1 0 0 0 1</Rotation>
<Translation>-0.0022141976776871852 0.00023641173121358161 0.15699999999999997</Translation>
</Transform>
</Instance>
</Instance>
<Instance name="Nacelle1-1" uid="Nacelle1-1" entityUid="Nacelle1" rigid="true">
<Transform>
<Rotation>-1.1121512200593769e-014 1.0000000000000002 -2.4633073358870661e-015 -1 -1.1094834365131168e-014 -3.0471688530409582e-015 -3.0324750280996235e-015 2.5257573810222311e-015 1.0000000000000002</Rotation>
<Translation>-2.3299614181735512e-014 3.7354693421267444e-014 -0.33550000000004354</Translation>
</Transform>
<Instance name="Pièce5_ViceTcyM3_10-5" uid="Pièce5_ViceTcyM3_10-5" entityUid="Pièce5_ViceTcyM3_10*:*Défaut">
<Transform>
<Rotation>0.25000000000000389 -0.43301270189222146 0.86602540378443638 -0.43301270189222169 0.74999999999999611 0.50000000000000377 -0.86602540378443627 -0.500000000000004 0</Rotation>
<Translation>-0.028547749411640906 -0.0095538475772935071 0</Translation>
</Transform>
</Instance>
<Instance name="Pièce5_ViceTcyM2.5_10-7" uid="Pièce5_ViceTcyM2.5_10-7" entityUid="Pièce5_ViceTcyM2*:*Défaut">
<Transform>
<Rotation>-0.92372802134706811 -0.38304900806323783 0 -0.38304900806323794 0.92372802134706833 0 0 0 -1</Rotation>
<Translation>0.0095262794416293237 -0.005499999999999409 0.0095000000000000084</Translation>
</Transform>
</Instance>
<Instance name="Pièce5_ViceTcyM3_10-6" uid="Pièce5_ViceTcyM3_10-6" entityUid="Pièce5_ViceTcyM3_10*:*Défaut">
<Transform>
<Rotation>0.25000000000000389 -0.43301270189222146 0.86602540378443638 -0.43301270189222169 0.74999999999999611 0.50000000000000377 -0.86602540378443627 -0.500000000000004 0</Rotation>
<Translation>-0.022547749411640863 -0.019946152422706746 0</Translation>
</Transform>
</Instance>
<Instance name="Pièce5_ViceTcyM3_10-4" uid="Pièce5_ViceTcyM3_10-4" entityUid="Pièce5_ViceTcyM3_10*:*Défaut">
<Transform>
<Rotation>0.24999999999999173 0.43301270189221447 -0.86602540378444348 0.43301270189221469 0.75000000000000822 0.49999999999999167 0.86602540378444337 -0.4999999999999919 0</Rotation>
<Translation>0.02254774941164113 -0.019946152422706434 0</Translation>
</Transform>
</Instance>
<Instance name="Pièce5_ViceTcyM3_10-3" uid="Pièce5_ViceTcyM3_10-3" entityUid="Pièce5_ViceTcyM3_10*:*Défaut">
<Transform>
<Rotation>0.24999999999999173 0.43301270189221447 -0.86602540378444348 0.43301270189221469 0.75000000000000822 0.49999999999999167 0.86602540378444337 -0.4999999999999919 0</Rotation>
<Translation>0.028547749411641031 -0.0095538475772931064 0</Translation>
</Transform>
</Instance>
<Instance name="Pièce5_Nacelle-1" uid="Pièce5_Nacelle-1" grounded="true" entityUid="Pièce5_Nacelle*:*Défaut">
<Transform>
<Rotation>1 0 0 0 1 0 0 0 1</Rotation>
<Translation>0 0 0</Translation>
</Transform>
</Instance>
<Instance name="Pièce5_RaccordTuyau-1" uid="Pièce5_RaccordTuyau-1" entityUid="Pièce5_RaccordTuyau*:*Défaut">
<Transform>
<Rotation>1 0 0 0 0 1 0 -1 0</Rotation>
<Translation>0 -0.016588457268119902 0</Translation>
</Transform>
</Instance>
<Instance name="Pièce2_Articulation-1" uid="Pièce2_Articulation-1" entityUid="Pièce2_Articulation*:*Défaut">
<Transform>
<Rotation>1 0 0 0 1 0 0 0 1</Rotation>
<Translation>0 0.024000000000000018 0</Translation>
</Transform>
</Instance>
<Instance name="Pièce2_Articulation-2" uid="Pièce2_Articulation-2" entityUid="Pièce2_Articulation*:*Défaut">
<Transform>
<Rotation>0.500000000000004 0.86602540378443638 1.6672864899895099e-016 -0.86602540378443649 0.50000000000000411 0 -1.2980794462559479e-016 -1.0061004141915373e-016 1</Rotation>
<Translation>-0.020784609690826478 -0.012000000000000101 0</Translation>
</Transform>
</Instance>
<Instance name="Pièce2_Articulation-3" uid="Pièce2_Articulation-3" entityUid="Pièce2_Articulation*:*Défaut">
<Transform>
<Rotation>-0.49999999999999162 0.86602540378444348 0 -0.86602540378444348 -0.49999999999999167 -3.7526956985849306e-016 -3.3918118948671272e-016 -1.6306008655435239e-016 1</Rotation>
<Translation>0.020784609690826641 -0.011999999999999815 0</Translation>
</Transform>
</Instance>
<Instance name="Pièce5_Capot-1" uid="Pièce5_Capot-1" entityUid="Pièce5_Capot*:*Défaut">
<Transform>
<Rotation>-1 -3.8352344347048282e-014 0 -3.8352344347048282e-014 1 0 0 0 -1</Rotation>
<Translation>0 0 0.01100000000000001</Translation>
</Transform>
</Instance>
<Instance name="Pièce5_Capot-2" uid="Pièce5_Capot-2" entityUid="Pièce5_Capot*:*Défaut">
<Transform>
<Rotation>1 0 0 0 1 0 0 0 1</Rotation>
<Translation>0 0 -0.01100000000000001</Translation>
</Transform>
</Instance>
<Instance name="Pièce5_ViceTcyM2.5_10-4" uid="Pièce5_ViceTcyM2.5_10-4" entityUid="Pièce5_ViceTcyM2*:*Défaut">
<Transform>
<Rotation>1 0 0 0 1 0 0 0 1</Rotation>
<Translation>0 0.011000000000000003 -0.0094999999999999529</Translation>
</Transform>
</Instance>
<Instance name="Pièce5_ViceTcyM2.5_10-5" uid="Pièce5_ViceTcyM2.5_10-5" entityUid="Pièce5_ViceTcyM2*:*Défaut">
<Transform>
<Rotation>1 0 0 0 1 0 0 0 1</Rotation>
<Translation>-0.0095262794416288762 -0.0054999999999999138 -0.0095000000000000084</Translation>
</Transform>
</Instance>
<Instance name="Pièce5_ViceTcyM2.5_10-6" uid="Pièce5_ViceTcyM2.5_10-6" entityUid="Pièce5_ViceTcyM2*:*Défaut">
<Transform>
<Rotation>1 0 0 0 1 0 0 0 1</Rotation>
<Translation>0.0095262794416287998 -0.0055000000000000474 -0.0095000000000000084</Translation>
</Transform>
</Instance>
<Instance name="Pièce5_ViceTcyM3_10-1" uid="Pièce5_ViceTcyM3_10-1" entityUid="Pièce5_ViceTcyM3_10*:*Défaut">
<Transform>
<Rotation>1 0 0 0 0 -1 0 1 0</Rotation>
<Translation>-0.006000000000000001 0.029500000000000019 0</Translation>
</Transform>
</Instance>
<Instance name="Pièce5_ViceTcyM3_10-2" uid="Pièce5_ViceTcyM3_10-2" entityUid="Pièce5_ViceTcyM3_10*:*Défaut">
<Transform>
<Rotation>1 0 0 0 0 -1 0 1 0</Rotation>
<Translation>0.0059999999999999993 0.029500000000000019 0</Translation>
</Transform>
</Instance>
<Instance name="Pièce5_ViceTcyM2.5_10-9" uid="Pièce5_ViceTcyM2.5_10-9" entityUid="Pièce5_ViceTcyM2*:*Défaut">
<Transform>
<Rotation>-0.62751937915445988 -0.77860094322162321 0 -0.7786009432216231 0.62751937915445988 0 0 0 -1</Rotation>
<Translation>-0.0095262794416283523 -0.0055000000000002746 0.0095000000000000084</Translation>
</Transform>
</Instance>
<Instance name="Pièce5_ViceTcyM2.5_10-8" uid="Pièce5_ViceTcyM2.5_10-8" entityUid="Pièce5_ViceTcyM2*:*Défaut">
<Transform>
<Rotation>-0.92372802134706811 -0.38304900806323783 0 -0.38304900806323794 0.92372802134706833 0 0 0 -1</Rotation>
<Translation>0 0.011000000000000142 0.0095000000000000084</Translation>
</Transform>
</Instance>
</Instance>
<Instance name="Nacelle2-1" uid="Nacelle2-1" entityUid="Nacelle2" rigid="true">
<Transform>
<Rotation>0.53651348885714334 0.84389174440465753 -1.4056817272170053e-015 0.84389174440465753 -0.53651348885714334 8.0838477229872808e-015 6.0677251486205037e-015 -5.5233365501258708e-015 -0.99999999999999989</Rotation>
<Translation>-2.4597548831318141e-014 3.9044506484336513e-014 -0.33550000000004354</Translation>
</Transform>
<Instance name="Pièce5_Tube-1" uid="Pièce5_Tube-1" entityUid="Pièce5_Tube*:*Défaut">
<Transform>
<Rotation>0 0.32389038074938242 0.94609461538369399 0 -0.94609461538369399 0.32389038074938242 0.99999999999999978 0 0</Rotation>
<Translation>0 0 0.0065000000000000058</Translation>
</Transform>
</Instance>
<Instance name="Pièce5_RaccordCardon-1" uid="Pièce5_RaccordCardon-1" entityUid="Pièce5_RaccordCardon*:*Défaut">
<Transform>
<Rotation>-0.94609461538369399 0.32389038074938287 0 -0.32389038074938287 -0.94609461538369399 0 0 0 0.99999999999999978</Rotation>
<Translation>0 0 -0.021000000000000019</Translation>
</Transform>
</Instance>
<Instance name="Pièce5_BagueArret-1" uid="Pièce5_BagueArret-1" entityUid="Pièce5_BagueArret*:*Défaut">
<Transform>
<Rotation>-0.62949704511032345 -0.77700287656956024 0 -0.77700287656956024 0.62949704511032345 0 0 0 -0.99999999999999978</Rotation>
<Translation>0 0 0.019000000000000017</Translation>
</Transform>
</Instance>
<Instance name="Pièce5_Guide-1" uid="Pièce5_Guide-1" entityUid="Pièce5_Guide*:*Défaut">
<Transform>
<Rotation>0.94609461538369399 0.32389038074938287 0 0.32389038074938287 -0.94609461538369399 0 0 0 -0.99999999999999978</Rotation>
<Translation>0 0 -0.0030000000000000027</Translation>
</Transform>
</Instance>
</Instance>
<Instance name="BarreParalleles-3" uid="BarreParalleles-3" entityUid="BarreParalleles" rigid="true">
<Transform>
<Rotation>-0.8678790077667532 -0.19191075538126201 -0.45820987532656848 0.49670003691558168 -0.3513121173363834 -0.7936427845956181 -0.0086660951907836688 -0.91637877440587889 0.40021849109270763</Rotation>
<Translation>0.07671618240594652 0.083656617658226101 -0.39411883731662306</Translation>
</Transform>
<Instance name="Pièce4_Extremetees-1" uid="Pièce4_Extremetees-1" entityUid="Pièce4_Extremetees*:*Défaut">
<Transform>
<Rotation>0 1 1.9992688060632702e-016 -1 0 0 0 1.2967057982926633e-016 0.99999999999999978</Rotation>
<Translation>-0.0022141976776871783 0.0002364117312135261 0.14699999999999996</Translation>
</Transform>
</Instance>
<Instance name="Pièce4_Extremetees-2" uid="Pièce4_Extremetees-2" entityUid="Pièce4_Extremetees*:*Défaut">
<Transform>
<Rotation>0 1 0 1 0 0 0 3.3089850304257595e-016 -0.99999999999999978</Rotation>
<Translation>-0.0022141976776871471 0.0002364117312135261 0.48099999999999987</Translation>
</Transform>
</Instance>
<Instance name="Pièce4_Tube-1" uid="Pièce4_Tube-1" grounded="true" entityUid="Pièce4_Tube*:*Défaut">
<Transform>
<Rotation>1 0 0 0 1 0 0 0 1</Rotation>
<Translation>-0.0022141976776871783 0.00023641173121358161 0.15699999999999997</Translation>
</Transform>
</Instance>
</Instance>
<Instance name="Pièce0_Bras-7" uid="Pièce0_Bras-7" entityUid="Pièce0_Bras*:*Défaut">
<Transform>
<Rotation>0.46355071157146938 0.18740527687763667 -0.86602540378443893 0.80289338432649282 0.32459546115858029 0.49999999999999917 0.37481055375527389 -0.92710142314294008 0</Rotation>
<Translation>-0.066339745962141872 -0.13490381056771231 -0.11499999999996691</Translation>
</Transform>
</Instance>
<Instance name="BarreParalleles-4" uid="BarreParalleles-4" entityUid="BarreParalleles" rigid="true">
<Transform>
<Rotation>0.86787900776675342 0.19191075538126143 -0.45820987532656832 -0.49670003691558134 0.3513121173363854 -0.79364278459561766 0.0086660951907851311 0.91637877440587812 0.40021849109270907</Rotation>
<Translation>0.033997520940046343 0.1081051416312923 -0.39454539906472058</Translation>
</Transform>
<Instance name="Pièce4_Extremetees-1" uid="Pièce4_Extremetees-1" entityUid="Pièce4_Extremetees*:*Défaut">
<Transform>
<Rotation>0 1 0 -0.99999999999999989 0 0 0 -1.1622647289044608e-016 1</Rotation>
<Translation>-0.0022141976776872026 0.0002364117312135261 0.14700000000000002</Translation>
</Transform>
</Instance>
<Instance name="Pièce4_Extremetees-2" uid="Pièce4_Extremetees-2" entityUid="Pièce4_Extremetees*:*Défaut">
<Transform>
<Rotation>0 1 1.5699247457590104e-016 0.99999999999999989 0 0 0 1.4051260155412137e-016 -1</Rotation>
<Translation>-0.0022141976776871818 0.00023641173121358161 0.48099999999999998</Translation>
</Transform>
</Instance>
<Instance name="Pièce4_Tube-1" uid="Pièce4_Tube-1" grounded="true" entityUid="Pièce4_Tube*:*Défaut">
<Transform>
<Rotation>1 0 0 0 1 0 0 0 1</Rotation>
<Translation>-0.002214197677687206 0.00023641173121363712 0.15700000000000003</Translation>
</Transform>
</Instance>
</Instance>
<Instance name="BarreParalleles-2" uid="BarreParalleles-2" entityUid="BarreParalleles" rigid="true">
<Transform>
<Rotation>0.0037846538537083829 0.40020059596124868 0.91641975065330683 -0.99995528659503163 0.0094564692485248261 -9.8357199358796221e-016 -0.0086660951907941829 -0.9163787744058749 0.40021849109271668</Rotation>
<Translation>-0.11080684728968904 0.024609854015854384 -0.39411883731662678</Translation>
</Transform>
<Instance name="Pièce4_Extremetees-1" uid="Pièce4_Extremetees-1" entityUid="Pièce4_Extremetees*:*Défaut">
<Transform>
<Rotation>0 1 0 -1 0 0 0 0 1</Rotation>
<Translation>-0.002214197677687206 0.00023641173121358161 0.14700000000000008</Translation>
</Transform>
</Instance>
<Instance name="Pièce4_Extremetees-2" uid="Pièce4_Extremetees-2" entityUid="Pièce4_Extremetees*:*Défaut">
<Transform>
<Rotation>0 1 1.2446640940133588e-016 1 0 0 0 1.2446640940133588e-016 -1</Rotation>
<Translation>-0.0022141976776871991 0.00023641173121358161 0.48100000000000009</Translation>
</Transform>
</Instance>
<Instance name="Pièce4_Tube-1" uid="Pièce4_Tube-1" grounded="true" entityUid="Pièce4_Tube*:*Défaut">
<Transform>
<Rotation>1 0 0 0 1 0 0 0 1</Rotation>
<Translation>-0.0022141976776871991 0.00023641173121358161 0.15700000000000003</Translation>
</Transform>
</Instance>
</Instance>
<Instance name="Pièce0_Bras-6" uid="Pièce0_Bras-6" entityUid="Pièce0_Bras*:*Défaut">
<Transform>
<Rotation>0.46355071157150768 0.18740527687754363 0.8660254037844386 -0.80289338432655766 -0.32459546115841859 0.49999999999999989 0.37481055375508732 -0.92710142314301547 0</Rotation>
<Translation>-0.08366025403784573 0.12490381056761786 -0.11500000000001878</Translation>
</Transform>
</Instance>
<Instance name="BarreParalleles-1" uid="BarreParalleles-1" entityUid="BarreParalleles" rigid="true">
<Transform>
<Rotation>-0.0037846538537083911 -0.40020059596124852 0.91641975065330683 0.99995528659503163 -0.0094564692485249197 -1.013108167728598e-015 0.0086660951907942783 0.91637877440587479 0.40021849109271657</Rotation>
<Translation>-0.11062055940243792 -0.024609854015815651 -0.39454539906471897</Translation>
</Transform>
<Instance name="Pièce4_Extremetees-1" uid="Pièce4_Extremetees-1" entityUid="Pièce4_Extremetees*:*Défaut">
<Transform>
<Rotation>0 1.0000000000000002 0 -1 0 0 0 0 0.99999999999999989</Rotation>
<Translation>-0.0022141976776872026 0.00023641173121358161 0.14699999999999996</Translation>
</Transform>
</Instance>
<Instance name="Pièce4_Extremetees-2" uid="Pièce4_Extremetees-2" entityUid="Pièce4_Extremetees*:*Défaut">
<Transform>
<Rotation>0 1.0000000000000002 1.2446640940133591e-016 1 0 0 0 1.2446640940133591e-016 -0.99999999999999989</Rotation>
<Translation>-0.0022141976776872026 0.00023641173121363712 0.48099999999999987</Translation>
</Transform>
</Instance>
<Instance name="Pièce4_Tube-1" uid="Pièce4_Tube-1" grounded="true" entityUid="Pièce4_Tube*:*Défaut">
<Transform>
<Rotation>1 0 0 0 1 0 0 0 1</Rotation>
<Translation>-0.0022141976776871991 0.00023641173121358161 0.15699999999999997</Translation>
</Transform>
</Instance>
</Instance>
<Instance name="Pièce1_PignonDents-3" uid="Pièce1_PignonDents-3" entityUid="Pièce1_PignonDents*:*Défaut">
<Transform>
<Rotation>1 -2.2204460492503121e-016 -2.2204460492503123e-016 -2.2204460492503126e-016 1.0254458640335202e-016 -1 2.2204460492503126e-016 1 1.0254458640335197e-016</Rotation>
<Translation>0.21399999999999952 -0.10100000000000003 -0.017999999999999988</Translation>
</Transform>
</Instance>
<Instance name="Pièce1_Roue_ecrou-1" uid="Pièce1_Roue_ecrou-1" entityUid="Pièce1_Roue_ecrou*:*Défaut">
<Transform>
<Rotation>0.92710142314293287 0.37481055375529237 -2.2204446982497537e-016 -2.4429270172352444e-016 0 -1 -0.37481055375529237 0.92710142314293287 1.025450253806495e-016</Rotation>
<Translation>0.15000000000001984 -0.10100000000000003 -0.1149999999999735</Translation>
</Transform>
</Instance>
<Instance name="Pièce1_Roue_ecrou-3" uid="Pièce1_Roue_ecrou-3" entityUid="Pièce1_Roue_ecrou*:*Défaut">
<Transform>
<Rotation>-0.46355071157150762 -0.18740527687754341 0.86602540378443871 0.80289338432655799 0.32459546115841836 0.49999999999999994 -0.37481055375508693 0.92710142314301569 0</Rotation>
<Translation>0.012468565782226935 0.18040381056761784 -0.1150000000000188</Translation>
</Transform>
</Instance>
<Instance name="Pièce0_Base-1" uid="Pièce0_Base-1" grounded="true" entityUid="Pièce0_Base*:*Défaut">
<Transform>
<Rotation>1 0 0 0 1 0 0 0 1</Rotation>
<Translation>0 0 0</Translation>
</Transform>
</Instance>
<Instance name="BarreParalleles-6" uid="BarreParalleles-6" entityUid="BarreParalleles" rigid="true">
<Transform>
<Rotation>0.86506955974681998 -0.20420177999246827 -0.45820987532718094 0.50163321410965389 0.34423138869441272 0.79364278459489213 -0.0043330475950868102 -0.91640950676290112 0.40021849109344632</Rotation>
<Translation>0.0340900767276308 -0.10826766255922421 -0.39411714914201063</Translation>
</Transform>
<Instance name="Pièce4_Extremetees-1" uid="Pièce4_Extremetees-1" entityUid="Pièce4_Extremetees*:*Défaut">
<Transform>
<Rotation>0 1 1.2598429244281562e-016 -1 0 0 0 0 1</Rotation>
<Translation>-0.0022141976776871956 0.00023641173121363712 0.14700000000000002</Translation>
</Transform>
</Instance>
<Instance name="Pièce4_Extremetees-2" uid="Pièce4_Extremetees-2" entityUid="Pièce4_Extremetees*:*Défaut">
<Transform>
<Rotation>0 1.0000000000000002 1.5157146371347352e-016 1 0 0 0 2.0166160408230382e-016 -0.99999999999999989</Rotation>
<Translation>-0.0022141976776871818 0.00023641173121363712 0.48099999999999998</Translation>
</Transform>
</Instance>
<Instance name="Pièce4_Tube-1" uid="Pièce4_Tube-1" grounded="true" entityUid="Pièce4_Tube*:*Défaut">
<Transform>
<Rotation>1 0 0 0 1 0 0 0 1</Rotation>
<Translation>-0.0022141976776871887 0.00023641173121363712 0.157</Translation>
</Transform>
</Instance>
</Instance>
<Instance name="Pièce1_Roue_ecrou-2" uid="Pièce1_Roue_ecrou-2" entityUid="Pièce1_Roue_ecrou*:*Défaut">
<Transform>
<Rotation>-0.46355071157147115 -0.18740527687763592 -0.86602540378443826 -0.80289338432649215 -0.32459546115858035 0.50000000000000056 -0.37481055375527361 0.92710142314294031 1.2956475911268187e-015</Rotation>
<Translation>-0.16246856578221464 -0.079403810567712452 -0.11499999999996695</Translation>
</Transform>
</Instance>
<Instance name="Pièce0_Bras-5" uid="Pièce0_Bras-5" entityUid="Pièce0_Bras*:*Défaut">
<Transform>
<Rotation>-0.92710142314293253 -0.3748105537552926 -2.2204460492571254e-016 2.4429266244212949e-016 0 -1 0.3748105537552926 -0.92710142314293253 1.0254458640293412e-016</Rotation>
<Translation>0.15000000000001987 0.010000000000000007 -0.1149999999999735</Translation>
</Transform>
</Instance>
<Instance name="terminal-1" uid="terminal-1" entityUid="terminal*:*Défaut">
<Transform>
<Rotation>-0.78092094129494916 0.62462987716487817 2.8660251990593885e-015 -0.62462987716487817 -0.78092094129494916 -8.8512974932038826e-015 -3.2906457692479287e-015 -8.7023685379880668e-015 0.99999999999999989</Rotation>
<Translation>-2.4647185454316355e-014 3.926890961294262e-014 -0.36250000000004357</Translation>
</Transform>
</Instance>
</InstanceTree>
<Constraints>
<Concentric name="Coaxiale13">
<ConstraintGeometry geomType="sphere">
<InstancePath>
<Uid>BarreParalleles-3</Uid>
<Uid>Pièce4_Extremetees-1</Uid>
</InstancePath>
<Position>0 0.0018262699682196661 0</Position>
</ConstraintGeometry>
<ConstraintGeometry geomType="sphere">
<InstancePath>
<Uid>Nacelle1-1</Uid>
<Uid>Pièce2_Articulation-3</Uid>
</InstancePath>
<Position>-0.025000000000000001 0 0</Position>
</ConstraintGeometry>
</Concentric>
<Concentric name="Coaxiale14">
<ConstraintGeometry geomType="sphere">
<InstancePath>
<Uid>BarreParalleles-4</Uid>
<Uid>Pièce4_Extremetees-1</Uid>
</InstancePath>
<Position>0 0.0018262699682196626 0</Position>
</ConstraintGeometry>
<ConstraintGeometry geomType="sphere">
<InstancePath>
<Uid>Nacelle1-1</Uid>
<Uid>Pièce2_Articulation-3</Uid>
</InstancePath>
<Position>0.024999999999999994 0 0</Position>
</ConstraintGeometry>
</Concentric>
<Concentric name="Coaxiale15">
<ConstraintGeometry geomType="sphere">
<InstancePath>
<Uid>BarreParalleles-1</Uid>
<Uid>Pièce4_Extremetees-1</Uid>
</InstancePath>
<Position>0 0.0018262699682196661 0</Position>
</ConstraintGeometry>
<ConstraintGeometry geomType="sphere">
<InstancePath>
<Uid>Nacelle1-1</Uid>
<Uid>Pièce2_Articulation-1</Uid>
</InstancePath>
<Position>0.025000000000000001 0 0</Position>
</ConstraintGeometry>
</Concentric>
<Concentric name="Coaxiale16">
<ConstraintGeometry geomType="sphere">
<InstancePath>
<Uid>BarreParalleles-2</Uid>
<Uid>Pièce4_Extremetees-1</Uid>
</InstancePath>
<Position>0 0.0018262699682196626 0</Position>
</ConstraintGeometry>
<ConstraintGeometry geomType="sphere">
<InstancePath>
<Uid>Nacelle1-1</Uid>
<Uid>Pièce2_Articulation-1</Uid>
</InstancePath>
<Position>-0.025000000000000001 0 0</Position>
</ConstraintGeometry>
</Concentric>
<Concentric name="Coaxiale17">
<ConstraintGeometry geomType="sphere">
<InstancePath>
<Uid>BarreParalleles-5</Uid>
<Uid>Pièce4_Extremetees-1</Uid>
</InstancePath>
<Position>0 0.0018262699682196626 0</Position>
</ConstraintGeometry>
<ConstraintGeometry geomType="sphere">
<InstancePath>
<Uid>Nacelle1-1</Uid>
<Uid>Pièce2_Articulation-2</Uid>
</InstancePath>
<Position>-0.024999999999999998 0 0</Position>
</ConstraintGeometry>
</Concentric>
<Concentric name="Coaxiale18">
<ConstraintGeometry geomType="sphere">
<InstancePath>
<Uid>BarreParalleles-6</Uid>
<Uid>Pièce4_Extremetees-1</Uid>
</InstancePath>
<Position>0 0.0018262699682196626 0</Position>
</ConstraintGeometry>
<ConstraintGeometry geomType="sphere">
<InstancePath>
<Uid>Nacelle1-1</Uid>
<Uid>Pièce2_Articulation-2</Uid>
</InstancePath>
<Position>0.024999999999999998 0 0</Position>
</ConstraintGeometry>
</Concentric>
<Coincident name="Coïncidente21">
<ConstraintGeometry geomType="plane">
<InstancePath>
<Uid>BarreParalleles-5</Uid>
<Uid>Pièce4_Tube-1</Uid>
</InstancePath>
<Position>0 0 0</Position>
<Axis>0 1.0000000000000002 -2.2204460492503131e-016</Axis>
</ConstraintGeometry>
<ConstraintGeometry geomType="plane">
<InstancePath>
<Uid>BarreParalleles-6</Uid>
</InstancePath>
<Position>0 0 0</Position>
<Axis>0 1 0</Axis>
</ConstraintGeometry>
</Coincident>
<Coincident name="Coïncidente22">
<ConstraintGeometry geomType="plane">
<InstancePath>
<Uid>BarreParalleles-1</Uid>
</InstancePath>
<Position>0 0 0</Position>
<Axis>0 1 0</Axis>
</ConstraintGeometry>
<ConstraintGeometry geomType="plane">
<InstancePath>
<Uid>BarreParalleles-2</Uid>
</InstancePath>
<Position>0 0 0</Position>
<Axis>0 1.0000000000000002 0</Axis>
</ConstraintGeometry>
</Coincident>
<Coincident name="Coïncidente23">
<ConstraintGeometry geomType="plane">
<InstancePath>
<Uid>BarreParalleles-3</Uid>
</InstancePath>
<Position>0 0 0</Position>
<Axis>0 1 0</Axis>
</ConstraintGeometry>
<ConstraintGeometry geomType="plane">
<InstancePath>
<Uid>BarreParalleles-4</Uid>
</InstancePath>
<Position>0 0 0</Position>
<Axis>0 1 0</Axis>
</ConstraintGeometry>
</Coincident>
<Coincident name="Coïncidente25">
<ConstraintGeometry geomType="plane">
<InstancePath>
<Uid>Pièce0_Base-1</Uid>
</InstancePath>
<Position>0.14999999999999949 -0.10100000000000003 -0.11500000000000002</Position>
<Axis>-2.2204460492503126e-016 -1 1.0254458640335197e-016</Axis>
</ConstraintGeometry>
<ConstraintGeometry geomType="plane">
<InstancePath>
<Uid>Pièce1_Roue_ecrou-1</Uid>
</InstancePath>
<Position>0 0 0</Position>
<Axis>0 0 -1</Axis>
</ConstraintGeometry>
</Coincident>
<Concentric name="Coaxiale20">
<ConstraintGeometry geomType="cylinder">
<InstancePath>
<Uid>Pièce0_Base-1</Uid>
</InstancePath>
<Position>0.14999999999999952 -0.013999999999999999 -0.11500000000000003</Position>
<Axis>-2.2204460492503126e-016 -1 1.0254458640335197e-016</Axis>
</ConstraintGeometry>
<ConstraintGeometry geomType="cylinder">
<InstancePath>
<Uid>Pièce1_Roue_ecrou-1</Uid>
</InstancePath>
<Position>0 0 0.034999999999999989</Position>
<Axis>0 0 -1</Axis>
</ConstraintGeometry>
</Concentric>
<Coincident name="Coïncidente26">
<ConstraintGeometry geomType="plane">
<InstancePath>
<Uid>Pièce0_Base-1</Uid>
</InstancePath>
<Position>-0.16246856578220192 -0.079403810567690414 -0.11500000000000002</Position>
<Axis>-0.86602540378443915 0.49999999999999928 0</Axis>
</ConstraintGeometry>
<ConstraintGeometry geomType="plane">
<InstancePath>
<Uid>Pièce1_Roue_ecrou-2</Uid>
</InstancePath>
<Position>0 0 0</Position>
<Axis>0 0 -1.0000000000000002</Axis>
</ConstraintGeometry>
</Coincident>
<Concentric name="Coaxiale21">
<ConstraintGeometry geomType="cylinder">
<InstancePath>
<Uid>Pièce0_Base-1</Uid>
</InstancePath>
<Position>-0.087124355652955718 -0.12290381056769036 -0.11500000000000002</Position>
<Axis>-0.86602540378443915 0.49999999999999928 0</Axis>
</ConstraintGeometry>
<ConstraintGeometry geomType="cylinder">
<InstancePath>
<Uid>Pièce1_Roue_ecrou-2</Uid>
</InstancePath>
<Position>0 0 0.035000000000000003</Position>
<Axis>0 0 -1.0000000000000002</Axis>
</ConstraintGeometry>
</Concentric>
<Coincident name="Coïncidente27">
<ConstraintGeometry geomType="plane">
<InstancePath>
<Uid>Pièce0_Base-1</Uid>
</InstancePath>
<Position>0.012468565782219755 0.18040381056763027 -0.11500000000000002</Position>
<Axis>0.86602540378443871 0.49999999999999989 0</Axis>
</ConstraintGeometry>
<ConstraintGeometry geomType="plane">
<InstancePath>
<Uid>Pièce1_Roue_ecrou-3</Uid>
</InstancePath>
<Position>0 0 0</Position>
<Axis>-1.3256579339929632e-016 -1.6728641595208146e-016 -1</Axis>
</ConstraintGeometry>
</Coincident>
<Concentric name="Coaxiale22">
<ConstraintGeometry geomType="cylinder">
<InstancePath>
<Uid>Pièce0_Base-1</Uid>
</InstancePath>
<Position>-0.06287564434702643 0.13690381056763029 -0.11500000000000002</Position>
<Axis>0.86602540378443871 0.49999999999999989 0</Axis>
</ConstraintGeometry>
<ConstraintGeometry geomType="cylinder">
<InstancePath>
<Uid>Pièce1_Roue_ecrou-3</Uid>
</InstancePath>
<Position>0 0 0.035000000000000003</Position>
<Axis>-1.3256579339929632e-016 -1.6728641595208146e-016 -1</Axis>
</ConstraintGeometry>
</Concentric>
<Coincident name="Coïncidente28">
<ConstraintGeometry geomType="plane">
<InstancePath>
<Uid>Pièce0_Base-1</Uid>
</InstancePath>
<Position>0.14999999999999947 -0.0099999999999999933 -0.11500000000000003</Position>
<Axis>2.2204460492503126e-016 1 -1.0254458640335197e-016</Axis>
</ConstraintGeometry>
<ConstraintGeometry geomType="plane">
<InstancePath>
<Uid>Pièce0_Bras-5</Uid>
</InstancePath>
<Position>0 0 0.02</Position>
<Axis>0 0 1</Axis>
</ConstraintGeometry>
</Coincident>
<Concentric name="Coaxiale23">
<ConstraintGeometry geomType="cylinder">
<InstancePath>
<Uid>Pièce0_Base-1</Uid>
</InstancePath>
<Position>0.14999999999999952 -0.013999999999999999 -0.11500000000000003</Position>
<Axis>-2.2204460492503126e-016 -1 1.0254458640335197e-016</Axis>
</ConstraintGeometry>
<ConstraintGeometry geomType="cylinder">
<InstancePath>
<Uid>Pièce0_Bras-5</Uid>
</InstancePath>
<Position>0 0 0.02</Position>
<Axis>0 0 -1</Axis>
</ConstraintGeometry>
</Concentric>
<Coincident name="Coïncidente29">
<ConstraintGeometry geomType="plane">
<InstancePath>
<Uid>Pièce0_Base-1</Uid>
</InstancePath>
<Position>-0.066339745962164146 0.13490381056763029 -0.11500000000000005</Position>
<Axis>-0.86602540378443926 -0.49999999999999928 7.0125432374619928e-016</Axis>
</ConstraintGeometry>
<ConstraintGeometry geomType="plane">
<InstancePath>
<Uid>Pièce0_Bras-6</Uid>
</InstancePath>
<Position>0 0 0.020000000000000004</Position>
<Axis>0 0 1</Axis>
</ConstraintGeometry>
</Coincident>
<Concentric name="Coaxiale24">
<ConstraintGeometry geomType="cylinder">
<InstancePath>
<Uid>Pièce0_Base-1</Uid>
</InstancePath>
<Position>-0.06287564434702643 0.13690381056763029 -0.11500000000000002</Position>
<Axis>0.86602540378443871 0.49999999999999989 0</Axis>
</ConstraintGeometry>
<ConstraintGeometry geomType="cylinder">
<InstancePath>
<Uid>Pièce0_Bras-6</Uid>
</InstancePath>
<Position>0 0 0.020000000000000004</Position>
<Axis>0 0 -1</Axis>
</ConstraintGeometry>
</Concentric>
<Coincident name="Coïncidente30">
<ConstraintGeometry geomType="plane">
<InstancePath>
<Uid>Pièce0_Base-1</Uid>
</InstancePath>
<Position>-0.083660254037817947 -0.12490381056769033 -0.11500000000000002</Position>
<Axis>0.86602540378443904 -0.49999999999999928 0</Axis>
</ConstraintGeometry>
<ConstraintGeometry geomType="plane">
<InstancePath>
<Uid>Pièce0_Bras-7</Uid>
</InstancePath>
<Position>0 0 0.019999999999999983</Position>
<Axis>0 0 0.99999999999999989</Axis>
</ConstraintGeometry>
</Coincident>
<Concentric name="Coaxiale25">
<ConstraintGeometry geomType="cylinder">
<InstancePath>
<Uid>Pièce0_Base-1</Uid>
</InstancePath>
<Position>-0.087124355652955718 -0.12290381056769036 -0.11500000000000002</Position>
<Axis>-0.86602540378443915 0.49999999999999928 0</Axis>
</ConstraintGeometry>
<ConstraintGeometry geomType="cylinder">
<InstancePath>
<Uid>Pièce0_Bras-7</Uid>
</InstancePath>
<Position>0 0 0.019999999999999983</Position>
<Axis>0 0 -0.99999999999999989</Axis>
</ConstraintGeometry>
</Concentric>
<Concentric name="Coaxiale26">
<ConstraintGeometry geomType="sphere">
<InstancePath>
<Uid>BarreParalleles-2</Uid>
<Uid>Pièce4_Extremetees-2</Uid>
</InstancePath>
<Position>0 0.0018262699682196626 0</Position>
</ConstraintGeometry>
<ConstraintGeometry geomType="sphere">
<InstancePath>
<Uid>Pièce0_Bras-5</Uid>
</InstancePath>
<Position>-0.19949999999999993 0.012999999999999935 -0.014999999999998988</Position>
</ConstraintGeometry>
</Concentric>
<Concentric name="Coaxiale27">
<ConstraintGeometry geomType="sphere">
<InstancePath>
<Uid>BarreParalleles-1</Uid>
<Uid>Pièce4_Extremetees-2</Uid>
</InstancePath>
<Position>0 0.0018262699682196626 0</Position>
</ConstraintGeometry>
<ConstraintGeometry geomType="sphere">
<InstancePath>
<Uid>Pièce0_Bras-5</Uid>
</InstancePath>
<Position>-0.19949999999999993 0.012999999999999907 0.035000000000001016</Position>
</ConstraintGeometry>
</Concentric>
<Concentric name="Coaxiale28">
<ConstraintGeometry geomType="sphere">
<InstancePath>
<Uid>BarreParalleles-4</Uid>
<Uid>Pièce4_Extremetees-2</Uid>
</InstancePath>
<Position>0 0.001826269968219673 0</Position>
</ConstraintGeometry>
<ConstraintGeometry geomType="sphere">
<InstancePath>
<Uid>Pièce0_Bras-7</Uid>
</InstancePath>
<Position>-0.1994999999999999 0.012999999999999928 0.035000000000001016</Position>
</ConstraintGeometry>
</Concentric>
<Concentric name="Coaxiale29">
<ConstraintGeometry geomType="sphere">
<InstancePath>
<Uid>BarreParalleles-3</Uid>
<Uid>Pièce4_Extremetees-2</Uid>
</InstancePath>
<Position>0 0.0018262699682196695 0</Position>
</ConstraintGeometry>
<ConstraintGeometry geomType="sphere">
<InstancePath>
<Uid>Pièce0_Bras-7</Uid>
</InstancePath>
<Position>-0.1994999999999999 0.012999999999999928 -0.014999999999998959</Position>
</ConstraintGeometry>
</Concentric>
<Concentric name="Coaxiale30">
<ConstraintGeometry geomType="sphere">
<InstancePath>
<Uid>BarreParalleles-6</Uid>
<Uid>Pièce4_Extremetees-2</Uid>
</InstancePath>
<Position>0 0.0018262699682196799 0</Position>
</ConstraintGeometry>
<ConstraintGeometry geomType="sphere">
<InstancePath>
<Uid>Pièce0_Bras-6</Uid>
</InstancePath>
<Position>-0.19949999999999993 0.012999999999999963 -0.014999999999998966</Position>
</ConstraintGeometry>
</Concentric>
<Concentric name="Coaxiale31">
<ConstraintGeometry geomType="sphere">
<InstancePath>
<Uid>BarreParalleles-5</Uid>
<Uid>Pièce4_Extremetees-2</Uid>
</InstancePath>
<Position>0 0.0018262699682196799 0</Position>
</ConstraintGeometry>
<ConstraintGeometry geomType="sphere">
<InstancePath>
<Uid>Pièce0_Bras-6</Uid>
</InstancePath>
<Position>-0.19949999999999982 0.012999999999999935 0.035000000000001009</Position>
</ConstraintGeometry>
</Concentric>
<Parallel name="Parallèle1">
<ConstraintGeometry geomType="plane">
<InstancePath>
<Uid>Pièce1_Roue_ecrou-3</Uid>
</InstancePath>
<Position>0 -0.011596060261799553 0.016</Position>
<Axis>-1.1102230246251565e-016 -1 -1.6728641595208146e-016</Axis>
</ConstraintGeometry>
<ConstraintGeometry geomType="plane">
<InstancePath>
<Uid>Pièce0_Bras-6</Uid>
</InstancePath>
<Position>-0.10099999999999995 0.0099999999999999742 0.010000000000000071</Position>
<Axis>-3.3306690738754696e-016 1 0</Axis>
</ConstraintGeometry>
</Parallel>
<Parallel name="Parallèle2">
<ConstraintGeometry geomType="plane">
<InstancePath>
<Uid>Pièce1_Roue_ecrou-1</Uid>
</InstancePath>
<Position>0 -0.01159606026179956 0.016</Position>
<Axis>0 -1 0</Axis>
</ConstraintGeometry>
<ConstraintGeometry geomType="plane">
